0.0 0.0
0.10471975511965977 0.7041767240051952
0.20943951023931953 1.1213911760091384
0.3141592653589793 0.8911429710161572
0.41887902047863906 0.602688074420625
0.5235987755982988 0.5484117312275407
0.6283185307179586 0.6934278443600903
0.7330382858376183 1.0663687587381816
0.8377580409572781 0.9957808379284696
0.9424777960769379 0.3963814645606843
1.0471975511965976 -0.31396633664985374
1.1519173063162573 -0.9809172354594147
1.2566370614359172 -1.0648368545071982
1.361356816555577 -0.7325751764856646
1.4660765716752366 -0.5675495522496362
1.5707963267948966 -0.5598399115835287
1.6755160819145563 -0.8770724163133774
1.780235837034216 -1.1209694345525292
1.8849555921538759 -0.7490664703721265
1.9896753472735356 -0.0999810172831041
2.0943951023931953 0.6603982413370482
2.199114857512855 1.1093448194156392
2.3038346126325147 0.9084336381442701
2.4085543677521746 0.6485554356496402
2.5132741228718345 0.5270281780677314
2.617993877991494 0.6624070266522846
2.722713633111154 1.059884692599282
2.827433388230814 1.0041627073023571
2.9321531433504733 0.4823495920820139
3.036872898470133 -0.236678038672567
3.141592653589793 -0.9569373330897814
